grid_attractive_n10_w1.0_f0.1.uai,95.68932367841394,33986
e100:1.0
e75:2.2705966878114495E9
e63:7.9359696819576717E17
e57:3.5916995478714388E18
e50:1.5059134077254518E23
e44:9.157986521327558E24
e41:1.1135250719902818E27
e40:2.523480772480591E27
e39:2.1933099054806682E27
e38:6.648137604740063E28
e37:7.850548482380037E27
e35:2.5989624211086722E29
e32:1.066841742340252E30
e31:2.343149506594089E30
e29:1.5545331940608042E31
e28:4.734782131851563E31
e27:2.887353779188919E32
e25:9.27897490127341E31
e24:2.3046235741548242E33
e22:3.378313899290591E33
e21:1.2726236800229156E34
e20:4.598328567700016E34
e19:5.930618664007192E34
e16:8.548698491636716E34
e13:5.332121047269791E35
e10:2.3905619353446496E36
e7:6.257487633544429E36
e0:4.9090787615261105E37
h5.407726190458475E41
l1.8095819252054267E41
saving:0.7227722772277227
