grid_attractive_n10_w1.0_f0.1.uai,93.86153543551475,10705
e100:1.0
e75:1.5402456821958272E7 
e63:5.80096172522706E14  
e50:5.4941435196214047E18
e44:5.9868723724806265E22
e38:9.970111150161661E24
e35:3.937313537008503E27
e34:6.192984599180419E29
e32:2.988133524568462E29
e31:1.2017108988505261E29
e30:2.1988722577531115E29
e29:5.702955725720651E30
e28:1.348652308166784E30
e27:3.352740958484165E31
e25:9.22359021688244E31
e24:6.028371389224685E32
e22:6.926279294373588E32
e19:1.7151416762916977E33
e16:7.442177089248464E33
e15:1.534970382103156E34
e13:2.679785297152531E35
e10:9.03233423567253E35
e7:4.191794659325649E36
e0:4.9090787615261105E37
h8.561102350215342E40
l3.042074143750427E40
saving:0.7623762376237624

