grid_attractive_n10_w1.0_f0.1.uai,96.29518261952862,8722
e100:1.0
e88:1512620.5629142956   
e75:9.749896377173885E12 
e63:5.9156163417547128E16
e57:1.751862434208573E21 
e50:3.179801427691554E23 
e44:6.204403011913848E24
e41:1.1220184543019648E27
e38:2.0758692704952004E28
e37:2.524061892302839E28 
e36:8.08723382528855E28  
e35:1.083926914021212E30 
e34:1.475027101759757E30 
e33:3.4753616144320583E30
e32:6.751495771606399E30 
e31:1.9484981599227275E31
e29:2.5579968185550384E31
e28:1.5681947659159794E32
e27:8.31380817915632E32  
e25:1.342764961137861E33 
e24:3.3350319587164145E33
e22:4.4035202720264883E33
e21:1.839077368328085E34 
e19:2.429964897703225E34 
e16:1.6923882444364017E35
e13:4.7697981411922154E35
e7:5.97998369714255E36   
e0:4.9090787615261105E37 
h9.807175019422383E41
l3.4208936633514014E41   
saving:0.7227722772277227
