grid_attractive_n10_w1.0_f0.1.uai,91.92349165684202,6237
e100:1.0
e75:7.432929266938812E7  
e63:3.737661783175708E10 
e50:6.30812077907697E19  
e44:4.951080641176663E21 
e41:1.080438372371235E24 
e38:1.277614993970796E26 
e35:5.025739801095918E25 
e32:1.890166231186912E28
e29:7.090877782620706E28
e27:7.6842237110003315E28
e25:9.270432584045258E30
e24:4.68705446301802E31
e23:4.0448274537999787E31
e22:1.2331048332289083E32
e19:3.458597315106469E32
e18:2.3388372386593602E32
e17:1.0786983141660802E33
e16:6.559942006647462E33
e13:1.6017694269260112E34
e12:1.666863358887755E35
e11:4.2677601117035685E35
e10:5.321082592667978E35
e9:1.0688087485777335E35
e8:1.3753080974214388E36
e7:6.964661283938872E36
e6:5.1156403000700313E36
e4:1.6424796596746295E37
e0:4.9090787615261105E37
h1.251939230097595E40
l4.187481016313581E39
saving:0.7128712871287128

