grid_attractive_n10_w1.0_f0.1.uai,90.0718502096686,1286
e100:1.0
e75:13.720501954296651
e63:5.2889565596922934E7
e57:2.9147412014724887E13
e50:3.784425847170937E19
e38:2.3604782331805932E23
e32:1.3246465112126797E26
e29:4.4055486350655165E25
e27:3.889555743517412E26
e25:1.1566447741656406E30
e19:3.720488787200897E30
e13:1.005541501856048E32
e7:7.123607787355034E33
e6:6.063173557052536E36
e5:3.9093090059623465E36
e4:1.1964650033390297E37
e3:2.3675545815176803E37
e2:4.831700432460594E37
e0:4.9090787615261105E37
h1.9395490534332763E39
l6.830839163848499E38
saving:0.8118811881188119

