grid_attractive_n10_w1.0_f0.1.uai,96.15372520701679,6932
e100:-0.4792003209659015
e94:17.032926918705925
e88:27.86523696803488
e85:31.667615354643203
e84:33.108092844020575
e83:34.05236035794951
e82:35.572851174511015
e81:36.1493635000661
e80:36.2566793479491
e79:38.39464283757843
e77:39.03606254467741
e75:39.966483544325456
e74:42.132268328918144
e72:41.9834424466826
e69:42.68556603207253
e66:45.56774347089231
e63:47.706069603096694
e62:47.964353892952204
e60:50.213760409504175
e59:50.14132198900916
e57:52.34807030041702
e54:53.70456136367284
e50:55.49584015295841
e44:58.53108495706692
e41:61.2912130584009
e38:64.39046518597752
e37:63.916052787564695
e36:62.663753531174734
e35:67.89547710074112
e34:65.07739091850817
e33:69.58826616344746
e32:70.48995848586392
e31:69.82497191100724
e30:69.84983983001158
e29:73.45891170477044
e27:73.25559344105908
e26:73.42299137731975
e25:75.15545640128846
e24:76.65420903831829
e22:76.4191151003236
e21:77.75553548829734
e20:79.73322582466992
e19:79.94805701384627
e16:80.77261273564743
e13:82.1421903489603
e10:83.3809811289911
e7:85.18183293022173
e0:86.7867347400386
Saving:0.5247524752475248
