grid_attractive_n10_w1.0_f0.1.uai,96.97406722325331,13290
e100:2.5303110548848053
e94:17.181805912288837
e88:26.054124431684613
e85:31.04268345341552
e84:33.485640175873414
e82:36.370396519545466
e81:35.87223693635315
e79:38.48615084029734
e77:39.89653440285474
e75:40.22086623054929
e74:41.575551104033366
e72:42.554282824043185
e71:44.82550533139147
e69:45.372505192644894
e68:45.116458187112585
e67:45.611954449210316
e66:47.671815703390166
e65:46.89480162598193
e64:47.149781465064734
e63:50.78084497200325
e60:50.44465355714783
e57:52.657207182608545
e56:55.112026342889294
e54:55.498867254005745
e50:56.91425412101671
e44:59.51965102204122
e41:62.511114911176264
e38:64.50201008282602
e35:67.09989773249254
e34:67.46107897115871
e33:70.44643962760634
e32:71.57332477211763
e29:72.0877222818925
e27:72.91481084729595
e26:75.55702724150662
e25:76.90357900388955
e24:76.8766387583015
e22:78.07306197262122
e21:78.46265937035581
e20:78.48637599681365
e19:80.56100516560129
e16:81.33651582492168
e13:81.73186968538876
e7:84.21060253799685
e0:86.7867347400386
Saving:0.5544554455445545
