grid_attractive_n10_w1.0_f0.1.uai,92.29963552576983,228
e100:-4.554267492174404
e94:18.17471337108873
e91:22.626898377086036
e90:25.702887649065815
e88:27.365766469039954
e87:27.251197176985443
e86:27.792658330174163
e85:31.39475806581322
e82:31.939399029011838
e81:33.11724699824117
e80:35.25772065133788
e79:34.951132440706715
e78:35.397553846240044
e77:36.880855452269316
e75:35.864150405395776
e72:35.55933394678868
e69:39.32352836127393
e63:40.6517474479042
e57:42.720696981297806
e50:48.440929947420955
e38:54.65105562354438
e32:60.199935963782835
e29:67.23778730051913
e25:69.59056874854045
e19:69.19245178596178
e13:76.01777451861473
e10:78.94343913777297
e7:82.24626719516363
e6:83.93429232683755
e4:85.40495342573286
e0:86.7867347400386
Saving:0.693069306930693
