grid_attractive_n10_w1.0_f0.1.uai,93.27510259384891,822
e100:4.623194308340317
e94:17.022220966522582
e91:22.53414147987496
e90:25.48550280171912
e88:28.410722369910218
e87:30.01048168085981
e85:30.823875451809727
e84:33.15430469950661
e83:32.41599664837122
e82:34.18162009026855
e81:32.768941475311294
e80:35.60176506545395
e79:36.27940147044137
e78:35.044667514041066
e77:37.221939116250724
e75:37.14428420201875
e72:38.1224023939576
e69:40.189541125204414
e63:42.836793397320434
e57:45.586781695019454
e50:49.93945785681717
e44:53.32215966214426
e38:57.5881435086485
e35:59.404567115940154
e32:66.22119598196227
e29:66.44523751151058
e27:69.22560901130089
e25:70.90741716322374
e22:70.68636899429632
e21:75.04378102427825
e19:76.07050371724429
e13:76.30697920629478
e10:81.95591121493709
e9:78.88886787106901
e7:84.83391232267033
e4:85.43972246063707
e0:86.7867347400386
Saving:0.6336633663366337
