grid_attractive_n10_w1.0_f0.1.uai,94.77987620367433,1793
e100:0.6819413384291693
e94:19.386460931622423
e91:21.428367093205452
e88:28.072656917385757
e87:30.119183616014197
e86:29.95540393772535
e85:32.93412337289192
e82:33.624329030979425
e81:34.125696677481756
e79:35.63315060338937
e77:37.23614929872565
e75:38.16105927876197
e74:39.83175083086826
e73:39.99395510414615
e72:41.664523992687464
e69:41.145322480704635
e68:43.10346432006918
e66:45.1073668343015
e65:44.66815960500389
e64:45.97333132917993
e63:47.54505200730637
e57:48.62948550330475
e56:54.866142535349354
e54:52.687776068458334
e52:54.86235986626707
e50:54.86594394734129
e44:56.09928753832355
e41:58.04568851948716
e38:61.97020573099144
e35:65.27681661164388
e32:66.18757823960455
e29:68.81782119133165
e25:71.32648765014866
e24:72.21114084287697
e22:75.22775757320848
e19:76.63394628949995
e16:78.37976630700803
e13:80.65149675975594
e10:82.6063915037079
e7:84.32527127562795
e0:86.7867347400386
Saving:0.594059405940594
