grid_mixed_n20_w1.0_f0.1.uai,330.1784482102471,148
e400:6.476893367944285
e394:31.46639971289551
e388:55.16523932456039
e387:61.34966444782913
e385:60.233454019064084
e384:61.6343675844837
e382:63.05642089911271
e375:63.51962615526281
e350:65.95465574157424
e300:77.61042401287705
e200:95.2500861606095
e100:-5.840414984975678
e50:-6.795930233940883
e25:9.917947796904185
e13:4.819690526176881
e0:311.7631138361148
Saving:0.9600997506234414
